  98 129 116 122 117 130 125 124 123 126 125 121 132 119 132 116
 143 129 143 144 143 144 146 145 147 149 148 150 151 145 137 135
 138 107 145 142 143 146 147 147 146 151 149 150 152 154 124 138
 140  81  94 107  93 101  98 110  92 108 104 114  93  88 106 133
 139  79  57  56  54  56  59  58  59  57  60  59  56  57 108 127
 130  74  99 112 116 121 130  89 105 127 125 123 131  95 110 139
 133 101 143 142 144 145 147 104 128 149 150 150 152 128 103 130
 124 145 146 143 145 146 100  57 123 149 150 151 153 132 110 124
 124 145 145 145 132  74  60  62  82 148 148 150 152  83 107 127
 124 143 145 116  63  56  95 149  60  74 112 124  88  59 134 127
 126 140  91  58  66 123 147 151 112  57  59  60  60  95 150 126
 121  86  55  86 144 148 148 149 150 118  81  78 113 155 151 126
 116 102  88 145 144 144 144 147 149 149 150 148 152 154 153 123
 137 104 144 144 144 144 147 148 148 148 148 150 151 151 152 126
 159 136 146 146 146 147 149 150 151 149 148 149 150 150 150 126
 156 145 162 148 155 151 154 159 144 159 146 150 166 145 148 133
  98 130 117 125 119 126 121 120 121 126 127 123 130 121 132 112
 143 132 144 146 145 145 148 148 148 149 150 150 151 148 139 136
 140 104 146 145 143 145 148 149 149 150 151 150 152 156 124 138
 141  75  90 104  94 101  97 109  93 107 100 111  91  85 100 135
 139  74  51  50  51  51  52  51  51  52  54  53  53  52 102 128
 132  73  99 114 114 119 125  87 104 125 126 124 130  95 108 139
 135 103 145 145 147 148 149 101 126 151 152 152 151 129 103 130
 126 147 146 146 146 147 100  54 119 151 152 154 153 131 106 125
 124 146 147 147 133  70  53  55  78 150 150 153 154  84 106 127
 127 147 147 117  57  51  91 151  57  69 113 127  87  55 135 129
 126 143  88  50  61 121 149 151 111  54  54  54  56  93 152 126
 120  86  51  84 145 150 150 151 152 117  77  75 111 154 154 129
 118 101  85 148 146 146 146 150 151 151 151 151 151 153 154 124
 139 102 146 148 147 146 148 150 151 151 152 152 152 153 153 128
 158 135 148 149 148 148 150 151 152 150 150 152 152 153 153 128
 158 147 162 151 158 155 158 162 148 161 148 151 167 146 148 132
  93 121 108 116 111 121 115 113 115 119 119 115 125 112 123 106
 133 121 133 136 135 136 139 137 138 140 141 141 141 138 131 129
 131  94 135 134 134 136 139 140 137 141 142 141 142 145 114 130
 131  69  85  97  89  96  92 104  87 101  94 105  86  82  95 123
 130  68  48  47  48  49  50  49  50  49  52  50  50  48  95 118
 122  66  93 104 110 111 116  79  98 118 119 116 123  88 100 129
 124  94 134 135 136 136 139  94 121 140 140 142 142 120  95 122
 116 139 137 136 135 136  95  49 112 140 142 143 142 123  96 116
 115 137 137 137 126  67  50  52  71 140 141 142 143  77  95 117
 116 136 137 108  55  47  84 139  53  66 106 119  82  51 126 120
 116 132  82  47  55 114 139 139 103  50  50  51  52  85 142 117
 113  82  48  78 135 139 139 140 141 110  71  69 105 145 142 118
 108  96  80 138 136 138 138 138 140 141 140 141 143 143 143 114
 128  95 136 136 137 138 139 139 140 139 140 142 141 142 142 118
 149 127 138 139 138 138 140 140 140 140 141 141 140 141 141 118
 150 137 152 141 147 144 150 152 137 150 140 141 156 137 139 125

 116 135 138 133 127 139 130 124 127 127 126 126 123 126 126 133
 132 137 124 106 108 110 103 110 107 134 150 151 153 152 150 148
 119 145 154  88  57  95 128 132  83  59  95 155 154 151 150 145
 132 151 152  93  56 131 152 153 152  88  60 113 152 151 150 166
 121 150 150 114  59 123 150 151 150 124  60  78 148 150 149 150
 125 148 149 104  60 125 150 150 148 112  59  81 150 148 148 146
 126 149 151 108  57 127 149 149 148  74  57 118 149 148 149 159
 123 147 146  92  59 105 128 123  82  60 112 150 149 148 151 144
 124 145 147 110  58  89 104  57  62 149 151 149 147 148 150 159
 125 146 147  98  59 130 147 100  60  95 147 148 144 147 149 154
 130 144 146 101  56 121 145 146  74  56 123 148 144 144 147 151
 117 143 143  93  54 116 144 145 132  63  66 144 144 144 146 155
 122 144 142 107  56 112 142 143 145 116  58  86 145 144 146 148
 116 143 145  94  57  99 143 146 145 145  91  55  88 144 146 162
 129 129 107  81  79  74 101 145 145 143 140  86 102 104 136 145
  98 143 138 140 139 130 133 124 124 124 126 121 116 137 159 156
 112 136 138 135 128 139 130 125 127 129 126 129 124 128 128 132
 132 139 124 100 102 108 103 106 106 135 152 154 154 153 153 148
 121 148 156  85  52  95 129 131  84  55  93 154 153 153 153 146
 130 151 152  91  53 130 151 153 154  87  56 111 151 152 152 167
 123 150 150 111  53 124 152 154 153 127  54  75 151 152 152 151
 127 150 151 100  54 126 152 152 150 113  54  77 151 152 150 148
 126 149 150 107  52 125 151 151 150  69  54 117 151 151 150 161
 121 148 149  93  51 104 126 119  78  57 111 152 151 151 152 148
 120 148 149 109  51  87 101  54  55 151 151 151 150 150 151 162
 121 148 148  97  52 125 149 100  53  91 149 150 146 148 150 158
 126 145 145 101  51 119 148 147  70  51 121 150 146 146 148 155
 119 145 143  94  51 114 147 146 133  57  61 145 146 147 148 158
 125 146 145 104  50 114 145 146 147 117  50  84 148 148 149 151
 117 144 146  90  51  99 145 146 147 147  88  51  85 146 148 162
 130 132 104  75  74  73 103 147 146 147 143  86 101 102 135 147
  98 143 140 141 139 132 135 126 124 127 126 120 118 139 158 158
 106 129 130 123 118 129 122 116 117 120 117 118 114 118 118 125
 123 131 114  95  95 100  95  96  95 126 142 142 143 142 141 139
 112 138 145  82  48  88 120 123  77  51  85 145 143 142 141 137
 125 141 142  86  50 123 142 142 143  82  52 105 143 141 140 156
 115 141 141 105  50 116 142 143 142 119  51  69 141 142 141 141
 119 141 142  94  52 119 140 142 141 106  50  71 140 140 141 140
 119 140 141 101  49 118 140 140 140  66  50 110 141 139 140 150
 115 138 137  87  50  98 121 112  71  53 103 141 140 140 140 137
 113 137 140 104  49  79  94  49  52 139 139 140 138 139 140 152
 115 139 139  92  50 116 139  95  50  84 139 139 138 139 140 150
 121 136 136  96  49 111 136 136  67  47 114 139 138 138 138 144
 111 135 134  89  48 110 136 135 126  55  55 135 136 137 138 147
 116 136 134  97  47 104 135 136 137 108  47  78 138 136 139 141
 108 133 135  85  48  93 134 137 137 137  82  48  80 136 138 152
 121 121  94  69  68  66  94 139 137 136 132  82  96  95 127 137
  93 133 131 131 130 122 124 116 115 116 116 113 108 128 149 150

 133 148 145 166 150 146 159 144 159 154 151 155 148 162 145 156
 126 150 150 150 149 148 149 151 150 149 147 146 146 146 136 159
 126 152 151 151 150 148 148 148 148 147 144 144 144 144 104 137
 123 153 154 152 148 150 149 149 147 144 144 144 145  88 102 116
 126 151 155 113  78  81 118 150 149 148 148 144  86  55  86 121
 126 150  95  60  60  59  57 112 151 147 123  66  58  91 140 126
 127 134  59  88 124 112  74  60 149  95  56  63 116 145 143 124
 127 107  83 152 150 148 148  82  62  60  74 132 145 145 145 124
 124 110 132 153 151 150 149 123  57 100 146 145 143 146 145 124
 130 103 128 152 150 150 149 128 104 147 145 144 142 143 101 133
 139 110  95 131 123 125 127 105  89 130 121 116 112  99  74 130
 127 108  57  56  59  60  57  59  58  59  56  54  56  57  79 139
 133 106  88  93 114 104 108  92 110  98 101  93 107  94  81 140
 138 124 154 152 150 149 151 146 147 147 146 143 142 145 107 138
 135 137 145 151 150 148 149 147 145 146 144 143 144 143 129 143
 116 132 119 132 121 125 126 123 124 125 130 117 122 116 129  98
 132 148 146 167 151 148 161 148 162 158 155 158 151 162 147 158
 128 153 153 152 152 150 150 152 151 150 148 148 149 148 135 158
 128 153 153 152 152 152 151 151 150 148 146 147 148 146 102 139
 124 154 153 151 151 151 151 151 150 146 146 146 148  85 101 118
 129 154 154 111  75  77 117 152 151 150 150 145  84  51  86 120
 126 152  93  56  54  54  54 111 151 149 121  61  50  88 143 126
 129 135  55  87 127 113  69  57 151  91  51  57 117 147 147 127
 127 106  84 154 153 150 150  78  55  53  70 133 147 147 146 124
 125 106 131 153 154 152 151 119  54 100 147 146 146 146 147 126
 130 103 129 151 152 152 151 126 101 149 148 147 145 145 103 135
 139 108  95 130 124 126 125 104  87 125 119 114 114  99  73 132
 128 102  52  53  53  54  52  51  51  52  51  51  50  51  74 139
 135 100  85  91 111 100 107  93 109  97 101  94 104  90  75 141
 138 124 156 152 150 151 150 149 149 148 145 143 145 146 104 140
 136 139 148 151 150 150 149 148 148 148 145 145 146 144 132 143
 112 132 121 130 123 127 126 121 120 121 126 119 125 117 130  98
 125 139 137 156 141 140 150 137 152 150 144 147 141 152 137 150
 118 141 141 140 141 141 140 140 140 140 138 138 139 138 127 149
 118 142 142 141 142 140 139 140 139 139 138 137 136 136  95 128
 114 143 143 143 141 140 141 140 138 138 138 136 138  80  96 108
 118 142 145 105  69  71 110 141 140 139 139 135  78  48  82 113
 117 142  85  52  51  50  50 103 139 139 114  55  47  82 132 116
 120 126  51  82 119 106  66  53 139  84  47  55 108 137 136 116
 117  95  77 143 142 141 140  71  52  50  67 126 137 137 137 115
 116  96 123 142 143 142 140 112  49  95 136 135 136 137 139 116
 122  95 120 142 142 140 140 121  94 139 136 136 135 134  94 124
 129 100  88 123 116 119 118  98  79 116 111 110 104  93  66 122
 118  95  48  50  50  52  49  50  49  50  49  48  47  48  68 130
 123  95  82  86 105  94 101  87 104  92  96  89  97  85  69 131
 130 114 145 142 141 142 141 137 140 139 136 134 134 135  94 131
 129 131 138 141 141 141 140 138 137 139 136 135 136 133 121 133
 106 123 112 125 115 119 119 115 113 115 121 111 116 108 121  93

 156 159 137 116 121 126 124 124 124 133 130 139 140 138 143  98
 145 136 104 102  86 140 143 145 145 101  74  79  81 107 129 129
 162 146 144  88  55  91 145 145 146 143  99  57  94 145 143 116
 148 146 144 145  86  58 116 145 143 142 112  56 107 142 144 122
 155 146 144 144 144  66  63 132 145 144 116  54  93 143 143 117
 151 147 144 144 148 123  56  74 146 145 121  56 101 146 144 130
 154 149 147 144 148 147  95  60 100 147 130  59  98 147 146 125
 159 150 148 147 149 151 149  62  57 104  89  58 110 147 145 124
 144 151 148 149 150 112  60  82 123 128 105  59  92 146 147 123
 159 149 148 149 118  57  74 148 149 149 127  57 108 151 149 126
 146 148 148 150  81  59 112 148 150 150 125  60 104 149 148 125
 150 149 150 148  78  60 124 150 151 150 123  59 114 150 150 121
 166 150 151 152 113  60  88 152 153 152 131  56  93 152 151 132
 145 150 151 154 155  95  59  83 132 128  95  57  88 154 145 119
 148 150 152 153 151 150 134 107 110 103 110 108 106 124 137 132
 133 126 126 123 126 126 127 127 124 130 139 127 133 138 135 116
 158 158 139 118 120 126 127 124 126 135 132 139 141 140 143  98
 147 135 102 101  86 143 147 146 147 103  73  74  75 104 132 130
 162 148 146  85  51  88 147 147 146 145  99  51  90 146 144 117
 151 149 148 148  84  50 117 147 146 145 114  50 104 145 146 125
 158 148 147 146 145  61  57 133 146 147 114  51  94 143 145 119
 155 148 146 146 150 121  51  70 147 148 119  51 101 145 145 126
 158 150 148 146 150 149  91  53 100 149 125  52  97 148 148 121
 162 151 150 150 151 151 151  55  54 101  87  51 109 149 148 120
 148 152 151 151 152 111  57  78 119 126 104  51  93 149 148 121
 161 150 151 151 117  54  69 150 151 151 125  52 107 150 149 126
 148 150 152 151  77  54 113 150 152 152 126  54 100 151 150 127
 151 152 152 151  75  54 127 153 154 152 124  53 111 150 150 123
 167 152 152 151 111  56  87 154 153 151 130  53  91 152 151 130
 146 153 153 153 154  93  55  84 131 129  95  52  85 156 148 121
 148 153 153 154 154 152 135 106 106 103 108 102 100 124 139 132
 132 128 128 124 129 126 129 127 125 130 139 128 135 138 136 112
 150 149 128 108 113 116 116 115 116 124 122 130 131 131 133  93
 137 127  95  96  82 132 136 137 139  94  66  68  69  94 121 121
 152 138 136  80  48  82 137 137 137 134  93  48  85 135 133 108
 141 139 136 138  78  47 108 137 136 135 104  47  97 134 136 116
 147 138 137 136 135  55  55 126 135 136 110  48  89 134 135 111
 144 138 138 138 139 114  47  67 136 136 111  49  96 136 136 121
 150 140 139 138 139 139  84  50  95 139 116  50  92 139 139 115
 152 140 139 138 140 139 139  52  49  94  79  49 104 140 137 113
 137 140 140 140 141 103  53  71 112 121  98  50  87 137 138 115
 150 140 139 141 110  50  66 140 140 140 118  49 101 141 140 119
 140 141 140 140  71  50 106 141 142 140 119  52  94 142 141 119
 141 141 142 141  69  51 119 142 143 142 116  50 105 141 141 115
 156 140 141 143 105  52  82 143 142 142 123  50  86 142 141 125
 137 141 142 143 145  85  51  77 123 120  88  48  82 145 138 112
 139 141 142 143 142 142 126  95  96  95 100  95  95 114 131 123
 125 118 118 114 118 117 120 117 116 122 129 118 123 130 129 106

